cam0=[1388.607708165718 0 960.0; 0 1388.607708165718 540.0; 0 0 1]
cam1=[1388.607708165718 0 960.0; 0 1388.607708165718 540.0; 0 0 1]
doffs=0
baseline=100.0
width=1920
height=1080
ndisp=1080
